name: checkm
channels:
  - bioconda
  - conda-forge
  - defaults
  - r
dependencies:
  - _libgcc_mutex=0.1=conda_forge
  - _openmp_mutex=4.5=2_gnu
  - brotli=1.1.0=hd590300_1
  - brotli-bin=1.1.0=hd590300_1
  - bzip2=1.0.8=hd590300_5
  - c-ares=1.27.0=hd590300_0
  - ca-certificates=2024.2.2=hbcca054_0
  - certifi=2024.2.2=pyhd8ed1ab_0
  - checkm-genome=1.2.2=pyhdfd78af_1
  - contourpy=1.2.0=py310hd41b1e2_0
  - cycler=0.12.1=pyhd8ed1ab_0
  - dendropy=4.6.1=pyhdfd78af_0
  - fonttools=4.50.0=py310h2372a71_0
  - freetype=2.12.1=h267a509_2
  - gettext=0.21.1=h27087fc_0
  - hmmer=3.4=hdbdd923_1
  - keyutils=1.6.1=h166bdaf_0
  - kiwisolver=1.4.5=py310hd41b1e2_1
  - krb5=1.21.2=h659d440_0
  - lcms2=2.15=h7f713cb_2
  - ld_impl_linux-64=2.40=h41732ed_0
  - lerc=4.0.0=h27087fc_0
  - libblas=3.9.0=21_linux64_openblas
  - libbrotlicommon=1.1.0=hd590300_1
  - libbrotlidec=1.1.0=hd590300_1
  - libbrotlienc=1.1.0=hd590300_1
  - libcblas=3.9.0=21_linux64_openblas
  - libcurl=8.6.0=hca28451_0
  - libdeflate=1.18=h0b41bf4_0
  - libedit=3.1.20191231=he28a2e2_2
  - libev=4.33=hd590300_2
  - libffi=3.4.2=h7f98852_5
  - libgcc-ng=13.2.0=h807b86a_5
  - libgfortran-ng=13.2.0=h69a702a_5
  - libgfortran5=13.2.0=ha4646dd_5
  - libgomp=13.2.0=h807b86a_5
  - libidn2=2.3.7=hd590300_0
  - libjpeg-turbo=2.1.5.1=hd590300_1
  - liblapack=3.9.0=21_linux64_openblas
  - libnghttp2=1.58.0=h47da74e_1
  - libnsl=2.0.1=hd590300_0
  - libopenblas=0.3.26=pthreads_h413a1c8_0
  - libpng=1.6.43=h2797004_0
  - libsqlite=3.45.2=h2797004_0
  - libssh2=1.11.0=h0841786_0
  - libstdcxx-ng=13.2.0=h7e041cc_5
  - libtiff=4.6.0=h8b53f26_0
  - libunistring=0.9.10=h7f98852_0
  - libuuid=2.38.1=h0b41bf4_0
  - libwebp-base=1.3.2=hd590300_0
  - libxcb=1.15=h0b41bf4_0
  - libxcrypt=4.4.36=hd590300_1
  - libzlib=1.2.13=hd590300_5
  - matplotlib-base=3.8.3=py310h62c0568_0
  - munkres=1.0.7=py_1
  - ncurses=6.4.20240210=h59595ed_0
  - numpy=1.26.4=py310hb13e2d6_0
  - openjpeg=2.5.2=h488ebb8_0
  - openssl=3.2.1=hd590300_1
  - packaging=24.0=pyhd8ed1ab_0
  - pillow=10.0.1=py310h29da1c1_1
  - pip=24.0=pyhd8ed1ab_0
  - pplacer=1.1.alpha19=h9ee0642_2
  - prodigal=2.6.3=h031d066_7
  - pthread-stubs=0.4=h36c2ea0_1001
  - pyparsing=3.1.2=pyhd8ed1ab_0
  - pysam=0.22.0=py310h41dec4a_1
  - python=3.10.14=hd12c33a_0_cpython
  - python-dateutil=2.9.0=pyhd8ed1ab_0
  - python_abi=3.10=4_cp310
  - readline=8.2=h8228510_1
  - scipy=1.12.0=py310hb13e2d6_2
  - setuptools=69.2.0=pyhd8ed1ab_0
  - six=1.16.0=pyh6c4a22f_0
  - tk=8.6.13=noxft_h4845f30_101
  - tzdata=2024a=h0c530f3_0
  - unicodedata2=15.1.0=py310h2372a71_0
  - wget=1.21.4=hda4d442_0
  - wheel=0.43.0=pyhd8ed1ab_0
  - xorg-libxau=1.0.11=hd590300_0
  - xorg-libxdmcp=1.1.3=h7f98852_0
  - xz=5.2.6=h166bdaf_0
  - zlib=1.2.13=hd590300_5
  - zstd=1.5.5=hfc55251_0
prefix: /home/marc/anaconda3/envs/checkm
